100 100
0000000110000000000000000020100011111110100010001000000000011011100000011101010000101111000000000000
0000000001000000000000000101101101001201000001000000000000001000010000011100001100000000102000010001
1000001110001000000000001101101110000011000000000000000000001100010000011101101100000010001001100100
1200011000010100000000000101001000000000100100000000000000000011100000000111011100000011011110101000
1000110001000000000000000001000000000110000000000000000000000000000000000011000000000000000000000001
0000111011100000000000000101100000000110001100000000000000000000001000000000000000000000110100010000
0000200010100000000000000101100000000000001100000000000000200001000000000000000000000001100100010000
0000000020000000000000000010000000000000101100000000000000000011000001110000000000020201000000011000
0000000000100001002000000000000000000000110010010000000000000101100000001000011000000001101111110000
0000000000100000000000000000001110001021000100011000000000000000010011001000000000000001100100000010
0000021001001110001120000000011010001001111000001000000000200000111001110000000000000000001000000010
1000001000110000010010000000011010100000010000001000000000000000000000000020000000000000110001100101
1100001000000000011100002000011010000000100000010000000000000000000000000000000000000000000010010010
0110000000000000100100000000000010001111100000001110001000000000000000000000000000000000000001100000
1000000000000000101000000000000001000000001000001110011000000000000000000000000000000000000000000001
1110000000010000000000000111100000000000111000000000111000000000000000000000000000000000000000000000
1110000000101000001100000110111000000000000011000000000000000001100000000000000020000000000111000000
0010000000101010000110000100110000001100000011000000000000000010001100000000000000000000001111110000
1010000010100001000110000000000000010010001011000000000000000000000010000000000000000000011000001111
0100000010110110000111000000000000010010010020000000110000000100010001000000000000100001110110101111
1100000001000100000011001100011110001100001100002110010000000010101001000000000010100001110000111101
0000000000000000000000001010101000000000000000110110000000000001001001000000000000100010010000100000
0000000000000000000000002000101011000000000001011000000000000000000110000000000012000010011010110000
0000000000000000000020000001011011000000000010000000000000000000000000000000010100000010001100000001
0000000000000110000000000000001100001100000011100000000000000000000000000200011000001001001100000001
0000000000001001100000010101100100010001000000001001000000020011111000000000000020000100010000000001
0000000000001100010000000000101000100001000000010010000001100001001100000000000010000000000110000000
0000002000000101001000100000000001000000110000010000000100000001001000000000000111000010000100020000
0000000000000011010000010000000000110010110000100000011010000000110000000000001011000001011000000000
0000000000000000000001100011000000000000010000000101000101000000000000000000011100000000011000000020
0000000000000000001100000101000000000000010000001000100010100110000000000000200000000000000000000000
1000001010000000010000000100100000000100000000000001000000000111000110000001010000000000000000000001
0010011011011000001010000010100000000110110000000000000000000011000110000001100100000000000000000001
0001001000010110000110000011010011000100000000000000000000001000000000000010101000000000000000000000
1000001010000000000000000000111011000000000000000000000000000000101000000110001000000000101001000002
0110001001110010000000101100110110002000000000000010000000000000101000000010001100000001101000001100
0000001011011100000000101000110001000000000000001000100000001110010100001000101000000000100121010010
0000000110000000000001000100100100100000000000001000100000000000010100010010110000000000110001010110
0000000020000000000001001110011000111110000200001000100000000000111100100010000000000000110001000110
0000000000000000000000101000101000011000000000000110100000000001001000001101001000000000000000000011
0000000000000000000000011111001000011010000000000000100000000011011001101101000000001000000020000111
0000000000000000000000002100000100111010000000000001000101000001110101101100000100010100000000000011
0000000000020000200000001001000010000100000200000000001000000000111110101101101000110120000000000100
0000000000000020000101000111100100101100000000000000220100110000010010101110101000011000000111000000
0000000000000000000000000010101011110000101110000000000010110000010011010121000100000000001001000000
0000000000000000000100100000001210000000100001000000002000100000010000110110100100000000010000000000
1000010000000011100000110000000000000000110100100000000000000000000000000100000110000000000000010000
0000010000000000000000110000000000000000000011100000000000000000001000111000110000000000011000001011
0000000100000200000000110000000000000000000000000000000000000000000110001000000000000000000001000021
0110000111000000000010100000000002000000000000000011000000000000000000010011111000000000000002110001
0001000000000000000001100002000000000001100000001100100000000000000000011111010000020000000000011000
1011000000000000000000001110000000110000010001001100010020000000000000010010000000000000000000001011
0100011000001000000000001110000000010000010010111100100000110000000000011110000000000000000000000000
0001111100010110000000011000000010010001100000010011000001110000000000100010000000000000000000000000
0001110100000001100000011000000000100000100011100000000001000000100001101000000000000000000000002000
0000000111000000000000100100000011100000001011000000000000100010010001101100000000000000000000000000
0000000011100000000001000010000000000020110000000000000000000010002000011100000000001100000000000000
0000000011011000000001000010200000000000001111000000010000000011110000200000000000010010000000000000
0000000001010000000001001011000000000000000110000000101000000001100000000000000000001100000000010000
0000000000100000010110111101000000000000000111000001111011000001000000000000000011001010000000101010
0000000000000000001110100000000000000000000100100000001000100010100000110010000011000010000011100011
1100000000000000001010000000000000000000000011100000000000010110010001011011011010000001001101000000
0100000000000000000000010000001000000000000000000000000010001001100011000000000000000011001110011110
0000001100000000000001101000000100000001000011100000000100010000000001111100000110100011011100000000
0000010010000000000000110000100100000000100010010000010000000000000000000000000010010011100000000100
1000001010000000110000000201100000000011100011011000010000002000000000011110001001110011100020101000
0000001012000001001000000000000000000000001100011000010100000000000000200000110000000001100001000001
0200001000000010110000000000000000000000111100100000000001110000000001000000000000101001000100011100
0000001111000110000000000000000020000000100000100000001100001000000011000001110000111001020011010000
0010000100011010000000000000000000000000010011000000010000000000000010100010100000000000000001000000
0000000111101010001100000000100000000000101000000000011010001000000000000000000111000000000001100000
1110000100000000010010000000000000000000110000000000000000100000000011000000000000000000000001100200
0111010011011000000010020000000000000000010000000000000000000000000011000100110000000000000000000000
0001000000100000000011000000000000000000000000200000000000000000000000000000111000000000000000000000
0000000000000000000000000000000000000000000000000000000000000000000000000111001000000000200000000000
0000000000000001110000000000000000000000000001000000000000000000000000000001001000000000000000000000
0000000000000100100000000001002000000000000001000010110000000000000001111011011100000000111000000000
0000000000110100100000000010100000000000000001000100110000000000000010000010000000002000111100000000
0001000000100001000000000001100000000000200000000201110000000000000100001110000000000001100000000000
0000100000100000000000000200000000000000000000000000000000000001100011101100000000000000000000000000
0000100000010021110000000000000011100000000000000000000000000001100000000000000000000020200000000000
0000000000000001111000000000000000000000000000001111100000000000000000000000000000000000000000001100
0000000000000100001100000000000000000000001000001100100000000200000000000000000000000000011000010010
0000000000000011111000000000000000000000010100010000100000000000000000000000000000000001010000010010
0010000000000001110000000000000000000000010100100100000000000000000000000000000001110100010000010011
1001120000000100000000000000000000000000001000110110000000200000000000000000000010101000100000001101
0110000000001011111100000000000000000000000100012000200000000000000000000000000010010000000000000000
0100000000000001111010000000000000101100000110000102000000000000000000000000000010001001000000000001
0000000000001110000100000000000000101011001101001001000000001100000000000000000001000000000000000000
1020000000000000011000000000000001000011000001000101000000001010001110000000000000000000000000000011
0000000000000000110000110000000001001000100001100111000020000100011010000000000000000000000000000001
0000000000000000110000110000000000101000100100000000000000000020010100000000000000000000011100000000
0000000000000000100000000000000000010110100100110100000000000000011000000000000000001100010011100000
0000001100000000110000000000000000000001200000000101000000002000011100000000000000001110001000010000
0000001100000000010000000000000000000000000010012001000000000000000100000000000000011010000112000011
0000001101000100000000000000000000000010000000010000000020000000000000000000000000110001010001101110
0000000011100110110000000000000000000010000000000000000000021000000000000000000001100000111000001100
0000000001100010111000000000100000000011100000001000002000010110000000000000000001110000001100011100
0000000000010010001000000001012001110001110010000100000000110110000000000011000001000100000100000000
0000000111010020000000200001010001101100110010001000000000010021000000000111100001001111000000000000
